  -0.000000022526577,
  -0.000000031983029,
   0.000000019174445,
   0.000000053089566,
  -0.000000002495102,
  -0.000000037060723,
   0.000000030519671,
   0.000000010875015,
  -0.000000166922254,
  -0.000000098162956,
   0.000000367018397,
   0.000000436816353,
  -0.000000414000511,
  -0.000000990419587,
   0.000000046232865,
   0.000001434248225,
   0.000000742992928,
  -0.000001333888130,
  -0.000001501556401,
   0.000000604352599,
   0.000001546682282,
   0.000000133462478,
  -0.000000643108990,
   0.000000189597289,
  -0.000000394131974,
  -0.000002128416506,
  -0.000000065593204,
   0.000004745567198,
   0.000003162511733,
  -0.000005725097260,
  -0.000008030133311,
   0.000003061120883,
   0.000011633178774,
   0.000002693082659,
  -0.000010842866193,
  -0.000007761067043,
   0.000005641778396,
   0.000007551648268,
  -0.000000606374181,
  -0.000001058946589,
   0.000002313076822,
  -0.000006413613600,
  -0.000013518747650,
   0.000005747238113,
   0.000028667472365,
   0.000008592745408,
  -0.000035825465038,
  -0.000031683207343,
   0.000025705061798,
   0.000048862818424,
  -0.000001584915277,
  -0.000046257661685,
  -0.000019316964336,
   0.000024435644261,
   0.000017513178220,
  -0.000002999506369,
   0.000010714230468,
   0.000008458107647,
  -0.000044114483913,
  -0.000051298089377,
   0.000047943044602,
   0.000110577347689,
  -0.000001996919674,
  -0.000143143530614,
  -0.000076051885251,
   0.000116567699130,
   0.000135504106105,
  -0.000042129891053,
  -0.000129705420219,
  -0.000023021248941,
   0.000060291030965,
   0.000015619804254,
   0.000010481264733,
   0.000076907893354,
   0.000000185595530,
  -0.000190297856109,
  -0.000125528097039,
   0.000220462595617,
   0.000305337311757,
  -0.000106697899856,
  -0.000415388745462,
  -0.000102766526433,
   0.000362376947213,
   0.000267029290083,
  -0.000174747008452,
  -0.000256369598029,
   0.000006173664606,
   0.000071338650413,
  -0.000027293814856,
   0.000126562826071,
   0.000276449703868,
  -0.000121072533830,
  -0.000593735803693,
  -0.000179176575507,
   0.000716424618186,
   0.000631249567804,
  -0.000486959801927,
  -0.000931759795275,
   0.000013410563686,
   0.000848352440073,
   0.000370126129753,
  -0.000437534716916,
  -0.000350517930307,
   0.000053545397225,
  -0.000084825837026,
  -0.000097344833849,
   0.000575274367095,
   0.000673761053518,
  -0.000626630055303,
  -0.001439263397273,
   0.000014847071009,
   0.001810925872352,
   0.000967238652926,
  -0.001423629338165,
  -0.001665301597308,
   0.000484103363491,
   0.001561185088637,
   0.000305228710671,
  -0.000743633372407,
  -0.000265258591683,
  -0.000061006391739,
  -0.000667723816691,
   0.000003516064060,
   0.001775929514469,
   0.001176414733949,
  -0.002038062198652,
  -0.002820861553417,
   0.000950999268680,
   0.003755943796697,
   0.000952824620380,
  -0.003203989878781,
  -0.002387668752177,
   0.001508395650446,
   0.002287265140944,
  -0.000019457543009,
  -0.000748975836190,
   0.000101800009243,
  -0.000862175941260,
  -0.001968961518296,
   0.000873601749574,
   0.004311150964762,
   0.001318860925013,
  -0.005159079496905,
  -0.004563778782237,
   0.003444344338127,
   0.006647512720003,
  -0.000040943568240,
  -0.005995205592624,
  -0.002675374186259,
   0.003094826666388,
   0.002606074205397,
  -0.000397032215220,
   0.000250390362415,
   0.000540783380557,
  -0.003467890631716,
  -0.004143983995324,
   0.003858879292279,
   0.008953246068660,
  -0.000042681622002,
  -0.011277514699584,
  -0.006103353188345,
   0.008855118726684,
   0.010500960633465,
  -0.002973434542278,
  -0.009942724410766,
  -0.002050594731381,
   0.004927285903394,
   0.002013920271079,
   0.000146513646036,
   0.003604352070509,
  -0.000016241867159,
  -0.010548917918855,
  -0.007167198012507,
   0.012487805236663,
   0.017657034533253,
  -0.005917767579946,
  -0.024185416147431,
  -0.006381898684532,
   0.021344109422152,
   0.016441135594150,
  -0.010477130834382,
  -0.016692924780652,
   0.000026501102554,
   0.006421869675357,
  -0.000172421395061,
   0.005890480787401,
   0.014868419298327,
  -0.006958904638767,
  -0.036902946957888,
  -0.012216739413681,
   0.050271748028585,
   0.048430011026846,
  -0.039438252759353,
  -0.085404620170259,
   0.000058888511388,
   0.101676363512686,
   0.055962480280015,
  -0.083063481997031,
  -0.105130788968477,
   0.032062532389086,
   0.124647751935889,
   0.032062532389086,
  -0.105130788968477,
  -0.083063481997031,
   0.055962480280015,
   0.101676363512686,
   0.000058888511388,
  -0.085404620170259,
  -0.039438252759353,
   0.048430011026846,
   0.050271748028585,
  -0.012216739413681,
  -0.036902946957888,
  -0.006958904638767,
   0.014868419298327,
   0.005890480787401,
  -0.000172421395061,
   0.006421869675357,
   0.000026501102554,
  -0.016692924780652,
  -0.010477130834382,
   0.016441135594150,
   0.021344109422152,
  -0.006381898684532,
  -0.024185416147431,
  -0.005917767579946,
   0.017657034533253,
   0.012487805236663,
  -0.007167198012507,
  -0.010548917918855,
  -0.000016241867159,
   0.003604352070509,
   0.000146513646036,
   0.002013920271079,
   0.004927285903394,
  -0.002050594731381,
  -0.009942724410766,
  -0.002973434542278,
   0.010500960633465,
   0.008855118726684,
  -0.006103353188345,
  -0.011277514699584,
  -0.000042681622002,
   0.008953246068660,
   0.003858879292279,
  -0.004143983995324,
  -0.003467890631716,
   0.000540783380557,
   0.000250390362415,
  -0.000397032215220,
   0.002606074205397,
   0.003094826666388,
  -0.002675374186259,
  -0.005995205592624,
  -0.000040943568240,
   0.006647512720003,
   0.003444344338127,
  -0.004563778782237,
  -0.005159079496905,
   0.001318860925013,
   0.004311150964762,
   0.000873601749574,
  -0.001968961518296,
  -0.000862175941260,
   0.000101800009243,
  -0.000748975836190,
  -0.000019457543009,
   0.002287265140944,
   0.001508395650446,
  -0.002387668752177,
  -0.003203989878781,
   0.000952824620380,
   0.003755943796697,
   0.000950999268680,
  -0.002820861553417,
  -0.002038062198652,
   0.001176414733949,
   0.001775929514469,
   0.000003516064060,
  -0.000667723816691,
  -0.000061006391739,
  -0.000265258591683,
  -0.000743633372407,
   0.000305228710671,
   0.001561185088637,
   0.000484103363491,
  -0.001665301597308,
  -0.001423629338165,
   0.000967238652926,
   0.001810925872352,
   0.000014847071009,
  -0.001439263397273,
  -0.000626630055303,
   0.000673761053518,
   0.000575274367095,
  -0.000097344833849,
  -0.000084825837026,
   0.000053545397225,
  -0.000350517930307,
  -0.000437534716916,
   0.000370126129753,
   0.000848352440073,
   0.000013410563686,
  -0.000931759795275,
  -0.000486959801927,
   0.000631249567804,
   0.000716424618186,
  -0.000179176575507,
  -0.000593735803693,
  -0.000121072533830,
   0.000276449703868,
   0.000126562826071,
  -0.000027293814856,
   0.000071338650413,
   0.000006173664606,
  -0.000256369598029,
  -0.000174747008452,
   0.000267029290083,
   0.000362376947213,
  -0.000102766526433,
  -0.000415388745462,
  -0.000106697899856,
   0.000305337311757,
   0.000220462595617,
  -0.000125528097039,
  -0.000190297856109,
   0.000000185595530,
   0.000076907893354,
   0.000010481264733,
   0.000015619804254,
   0.000060291030965,
  -0.000023021248941,
  -0.000129705420219,
  -0.000042129891053,
   0.000135504106105,
   0.000116567699130,
  -0.000076051885251,
  -0.000143143530614,
  -0.000001996919674,
   0.000110577347689,
   0.000047943044602,
  -0.000051298089377,
  -0.000044114483913,
   0.000008458107647,
   0.000010714230468,
  -0.000002999506369,
   0.000017513178220,
   0.000024435644261,
  -0.000019316964336,
  -0.000046257661685,
  -0.000001584915277,
   0.000048862818424,
   0.000025705061798,
  -0.000031683207343,
  -0.000035825465038,
   0.000008592745408,
   0.000028667472365,
   0.000005747238113,
  -0.000013518747650,
  -0.000006413613600,
   0.000002313076822,
  -0.000001058946589,
  -0.000000606374181,
   0.000007551648268,
   0.000005641778396,
  -0.000007761067043,
  -0.000010842866193,
   0.000002693082659,
   0.000011633178774,
   0.000003061120883,
  -0.000008030133311,
  -0.000005725097260,
   0.000003162511733,
   0.000004745567198,
  -0.000000065593204,
  -0.000002128416506,
  -0.000000394131974,
   0.000000189597289,
  -0.000000643108990,
   0.000000133462478,
   0.000001546682282,
   0.000000604352599,
  -0.000001501556401,
  -0.000001333888130,
   0.000000742992928,
   0.000001434248225,
   0.000000046232865,
  -0.000000990419587,
  -0.000000414000511,
   0.000000436816353,
   0.000000367018397,
  -0.000000098162956,
  -0.000000166922254,
   0.000000010875015,
   0.000000030519671,
  -0.000000037060723,
  -0.000000002495102,
   0.000000053089566,
   0.000000019174445,
  -0.000000031983029,
  -0.000000022526577
